2
20 16
0 0 0 0 0 0 0 0 0 0 0 0 0 0 0 0 0 0 0 0
0 0 0 0 1 1 1 1 1 1 1 1 1 1 1 1 1 1 2 0
0 0 0 1 1 1 0 0 0 0 0 0 0 0 1 1 1 0 0 0
0 0 1 1 1 1 1 1 0 0 0 0 1 1 1 1 1 1 0 0
0 1 1 1 1 1 1 1 1 0 0 1 1 1 1 1 1 1 1 0
0 0 1 1 1 1 1 1 1 0 0 1 1 1 1 1 1 1 0 0
0 0 0 1 1 1 1 1 0 0 0 0 1 1 1 1 1 0 0 0
0 0 0 0 0 1 1 1 1 0 0 1 1 1 1 0 0 0 0 0
0 0 0 1 1 1 1 1 1 1 1 1 1 1 1 1 1 0 0 0
0 0 1 1 1 0 0 1 1 1 1 1 1 0 0 1 1 1 0 0
0 1 1 1 1 1 1 1 1 1 1 1 1 1 1 1 1 1 1 0
0 1 1 1 1 1 1 1 1 1 1 1 1 1 1 1 1 1 1 0
0 0 1 1 1 1 1 1 0 0 1 1 1 1 1 1 1 1 1 0
0 0 0 0 0 1 1 1 1 1 1 1 1 1 1 0 0 0 0 0 
0 3 1 1 1 1 1 1 1 0 0 1 1 1 1 1 1 1 1 0
0 0 0 0 0 0 0 0 0 0 0 0 0 0 0 0 0 0 0 0

20 20
0 0 0 0 0 0 0 0 0 0 0 0 0 0 0 0 0 0 0 0
0 1 1 1 1 1 1 1 1 1 1 1 1 1 1 1 1 1 2 0
0 0 0 0 0 0 0 1 0 0 0 0 0 0 0 1 0 0 0 0
0 0 1 1 1 1 1 1 1 1 1 1 1 1 1 1 1 1 0 0
0 0 0 0 1 0 0 0 0 0 0 0 0 1 0 0 0 0 0 0
0 0 1 1 1 1 1 1 1 1 1 1 1 1 1 1 1 1 0 0
0 0 1 0 0 0 0 0 0 0 1 0 0 0 0 0 0 1 0 0
0 0 1 0 1 1 1 1 1 1 1 1 1 1 1 1 0 1 0 0
0 0 1 0 0 0 0 1 0 0 0 0 0 0 0 0 0 1 0 0
0 0 1 1 1 1 1 1 1 1 1 1 1 1 1 0 0 1 0 0
0 0 1 0 0 1 1 1 1 1 1 1 1 1 1 1 1 1 0 0
0 0 1 0 0 0 0 0 0 1 0 0 0 1 0 0 0 1 0 0
0 0 1 0 1 1 1 1 1 1 1 1 1 1 1 1 0 1 0 0
0 0 1 0 0 0 0 1 0 0 0 0 0 0 0 0 0 1 0 0
0 0 1 1 1 1 1 1 1 1 1 1 1 1 1 1 1 1 0 0
0 0 0 0 0 1 0 0 0 0 0 0 0 1 0 0 0 0 0 0
0 0 1 1 1 1 1 1 1 1 1 1 1 1 1 1 1 1 0 0
0 0 0 1 0 0 0 0 0 1 0 0 0 0 0 0 0 0 0 0
0 3 1 1 1 1 1 1 1 1 1 1 1 1 1 1 1 1 1 0
0 0 0 0 0 0 0 0 0 0 0 0 0 0 0 0 0 0 0 0
